



10/08/2020

	A.B.SILVA		202011		1		1000		2000		3000		4000		5000



10/08/2020

	A.B.SILVA		202011		2		1500		2500		3500		4500		5500



10/08/2020

	A.B.SILVA		202011		3		1250		2250		3250		4250		5250



10/08/2020

	C.D.GAMAGE		202022		1		1750		2750		3750		4750		5750



10/08/2020

	C.D.GAMAGE		202022		3		1000		2000		3000		4000		5000



10/08/2020

	C.D.GAMAGE		202022		2		2500		3000		4500		5000		6500



10/08/2020

	E.F.PERERA		202033		1		2000		3000		4000		6000		7000



10/08/2020

	E.F.PERERA		202033		2		1300		2300		4300		6300		5300



10/08/2020

	E.F.PERERA		202033		3		3000		6000		2000		8500		4000

