

10/08/2020

	A.B.SILVA		202011		1		10		20		30		40		50



10/08/2020

	A.B.SILVA		202011		2		10		10		10		20		20



10/08/2020

	A.B.SILVA		202011		3		20		10		20		10		20



10/08/2020

	C.D.GAMAGE		202022		1		10		10		10		10		10



10/08/2020

	C.D.GAMAGE		202022		2		10		20		20		20		30



10/08/2020

	C.D.GAMAGE		202022		3		10		20		30		10		20



10/08/2020

	E.F.PERERA		202033		1		10		10		10		10		10



10/08/2020

	E.F.PERERA		202033		2		10		10		10		20		20



10/08/2020

	E.F.PERERA		202033		3		20		20		20		20		20

